0 0.353516 0.626953 0.031250 0.023438
0 0.422852 0.570312 0.044922 0.031250
0 0.298828 0.604492 0.066406 0.048828
0 0.527344 0.412109 0.046875 0.042969
0 0.552734 0.343750 0.050781 0.054688
0 0.120117 0.489258 0.033203 0.025391
0 0.163086 0.468750 0.064453 0.058594
0 0.176758 0.424805 0.056641 0.037109
0 0.529297 0.503906 0.035156 0.035156
0 0.607422 0.558594 0.027344 0.031250
0 0.648438 0.563477 0.046875 0.037109
0 0.738281 0.541992 0.046875 0.033203
0 0.470703 0.625977 0.042969 0.033203
2 0.243164 0.485352 0.037109 0.037109
2 0.383789 0.457031 0.044922 0.054688
2 0.057617 0.159180 0.068359 0.076172
2 0.215820 0.841797 0.091797 0.113281
2 0.326172 0.923828 0.136719 0.109375
2 0.473633 0.837891 0.103516 0.078125
2 0.339844 0.745117 0.101562 0.080078
2 0.050781 0.565430 0.085938 0.048828
2 0.069336 0.449219 0.029297 0.023438
1 0.311523 0.292969 0.142578 0.152344
0 0.415039 0.278320 0.033203 0.044922
0 0.425781 0.324219 0.027344 0.035156
0 0.472656 0.333008 0.035156 0.033203
0 0.327148 0.180664 0.072266 0.056641
