1 0.705078 0.451172 0.109375 0.058594
1 0.571289 0.571289 0.162109 0.087891
1 0.549805 0.643555 0.060547 0.052734
1 0.666016 0.838867 0.121094 0.087891
0 0.390625 0.395508 0.054688 0.048828
0 0.323242 0.553711 0.033203 0.041016
0 0.401367 0.606445 0.029297 0.021484
0 0.248047 0.639648 0.054688 0.048828
0 0.615234 0.721680 0.070312 0.044922
0 0.368164 0.691406 0.068359 0.050781
2 0.403320 0.528320 0.048828 0.044922
2 0.425781 0.586914 0.039062 0.037109
2 0.524414 0.809570 0.064453 0.052734
2 0.473633 0.380859 0.048828 0.046875
