0 0.910156 0.610352 0.132812 0.083984
0 0.079102 0.107422 0.052734 0.042969
2 0.391602 0.130859 0.076172 0.074219
2 0.513672 0.135742 0.074219 0.080078
2 0.658203 0.228516 0.109375 0.113281
2 0.810547 0.291016 0.093750 0.109375
2 0.944336 0.264648 0.091797 0.072266
2 0.160156 0.237305 0.175781 0.134766
2 0.084961 0.457031 0.107422 0.203125
2 0.182617 0.537109 0.083984 0.046875
2 0.362305 0.375977 0.087891 0.064453
2 0.261719 0.397461 0.070312 0.080078
2 0.474609 0.504883 0.167969 0.236328
2 0.444336 0.815430 0.228516 0.212891
2 0.802734 0.947266 0.394531 0.105469
