2 0.202148 0.225586 0.107422 0.091797
2 0.624023 0.423828 0.111328 0.140625
2 0.343750 0.500000 0.093750 0.125000
2 0.473633 0.781250 0.087891 0.054688
2 0.241211 0.483398 0.080078 0.068359
0 0.474609 0.448242 0.039062 0.041016
0 0.426758 0.565430 0.060547 0.041016
0 0.546875 0.491211 0.042969 0.033203
0 0.340820 0.750977 0.068359 0.041016
0 0.452148 0.713867 0.068359 0.044922
0 0.493164 0.641602 0.041016 0.044922
0 0.539062 0.696289 0.042969 0.048828
0 0.543945 0.808594 0.044922 0.046875
0 0.305664 0.342773 0.033203 0.025391
0 0.341797 0.310547 0.039062 0.031250
0 0.454102 0.250000 0.029297 0.023438
2 0.570312 0.557617 0.140625 0.044922
2 0.678711 0.703125 0.115234 0.222656
1 0.542969 0.103516 0.171875 0.191406
1 0.500977 0.290039 0.083984 0.072266
1 0.165039 0.352539 0.138672 0.107422
