0 0.358398 0.970703 0.064453 0.054688
0 0.368164 0.357422 0.099609 0.074219
0 0.539062 0.806641 0.031250 0.035156
1 0.681641 0.837891 0.082031 0.058594
1 0.564453 0.882812 0.140625 0.074219
1 0.617188 0.756836 0.050781 0.041016
1 0.785156 0.739258 0.070312 0.052734
1 0.788086 0.555664 0.103516 0.087891
1 0.491211 0.279297 0.095703 0.062500
1 0.577148 0.390625 0.087891 0.062500
1 0.767578 0.340820 0.105469 0.064453
1 0.170898 0.726562 0.064453 0.070312
0 0.186523 0.663086 0.044922 0.041016
0 0.217773 0.705078 0.041016 0.042969
0 0.185547 0.873047 0.035156 0.046875
1 0.581055 0.661133 0.212891 0.138672
