0 0.471680 0.225586 0.048828 0.044922
0 0.364258 0.731445 0.052734 0.041016
0 0.466797 0.732422 0.066406 0.027344
0 0.509766 0.405273 0.039062 0.033203
0 0.544922 0.264648 0.097656 0.056641
0 0.272461 0.192383 0.060547 0.048828
0 0.316406 0.223633 0.050781 0.029297
0 0.562500 0.157227 0.015625 0.021484
0 0.599609 0.187500 0.046875 0.050781
0 0.651367 0.128906 0.056641 0.031250
0 0.412109 0.166016 0.066406 0.050781
0 0.445312 0.290039 0.074219 0.056641
2 0.228516 0.586914 0.195312 0.111328
2 0.620117 0.657227 0.083984 0.087891
2 0.575195 0.553711 0.087891 0.091797
2 0.440430 0.579102 0.099609 0.099609
2 0.362305 0.901367 0.060547 0.037109
2 0.457031 0.916016 0.070312 0.054688
2 0.143555 0.170898 0.080078 0.060547
2 0.776367 0.567383 0.048828 0.037109
2 0.174805 0.773438 0.052734 0.035156
2 0.241211 0.796875 0.060547 0.062500
2 0.559570 0.875000 0.029297 0.035156
2 0.622070 0.809570 0.037109 0.044922
2 0.683594 0.760742 0.027344 0.033203
