1 0.213867 0.542969 0.169922 0.093750
2 0.476562 0.411133 0.234375 0.111328
2 0.618164 0.507812 0.060547 0.039062
2 0.607422 0.555664 0.062500 0.021484
2 0.581055 0.586914 0.048828 0.029297
2 0.626953 0.643555 0.066406 0.056641
2 0.179688 0.772461 0.082031 0.052734
2 0.114258 0.838867 0.056641 0.037109
2 0.111328 0.785156 0.054688 0.035156
2 0.731445 0.507812 0.076172 0.054688
2 0.416016 0.220703 0.074219 0.054688
2 0.500000 0.291992 0.082031 0.044922
2 0.562500 0.187500 0.097656 0.058594
2 0.680664 0.301758 0.052734 0.041016
2 0.669922 0.362305 0.042969 0.037109
2 0.738281 0.337891 0.054688 0.039062
0 0.113281 0.455078 0.058594 0.042969
0 0.185547 0.432617 0.042969 0.044922
0 0.241211 0.528320 0.025391 0.021484
0 0.166992 0.515625 0.041016 0.019531
0 0.204102 0.557617 0.072266 0.041016
