1 0.474609 0.749023 0.187500 0.142578
1 0.751953 0.791016 0.230469 0.203125
1 0.208008 0.780273 0.248047 0.162109
1 0.480469 0.458008 0.191406 0.142578
0 0.323242 0.406250 0.068359 0.039062
0 0.204102 0.839844 0.048828 0.035156
0 0.365234 0.573242 0.035156 0.041016
0 0.472656 0.564453 0.039062 0.042969
0 0.537109 0.354492 0.058594 0.037109
0 0.355469 0.316406 0.078125 0.042969
0 0.309570 0.168945 0.115234 0.052734
0 0.041016 0.291992 0.023438 0.033203
0 0.146484 0.270508 0.039062 0.029297
0 0.214844 0.264648 0.039062 0.025391
0 0.500977 0.221680 0.037109 0.044922
0 0.554688 0.170898 0.066406 0.037109
0 0.652344 0.232422 0.070312 0.035156
0 0.585938 0.292969 0.183594 0.042969
0 0.767578 0.285156 0.085938 0.042969
