0 0.343750 0.254883 0.070312 0.048828
0 0.431641 0.279297 0.097656 0.058594
0 0.426758 0.615234 0.091797 0.070312
0 0.578125 0.870117 0.097656 0.060547
0 0.602539 0.509766 0.060547 0.054688
0 0.395508 0.395508 0.056641 0.048828
0 0.406250 0.315430 0.046875 0.044922
0 0.531250 0.372070 0.082031 0.072266
0 0.245117 0.101562 0.076172 0.050781
0 0.343750 0.080078 0.101562 0.054688
2 0.723633 0.262695 0.251953 0.294922
1 0.274414 0.596680 0.111328 0.119141
1 0.162109 0.512695 0.093750 0.146484
1 0.423828 0.751953 0.187500 0.156250
1 0.782227 0.569336 0.134766 0.103516
