0 0.205078 0.704102 0.105469 0.099609
0 0.417969 0.703125 0.101562 0.121094
0 0.475586 0.615234 0.083984 0.054688
0 0.354492 0.882812 0.083984 0.082031
0 0.514648 0.828125 0.087891 0.074219
0 0.610352 0.706055 0.099609 0.060547
0 0.740234 0.779297 0.101562 0.093750
0 0.537109 0.512695 0.082031 0.068359
0 0.657227 0.603516 0.103516 0.089844
0 0.794922 0.594727 0.066406 0.068359
0 0.337891 0.325195 0.070312 0.076172
0 0.288086 0.420898 0.076172 0.080078
0 0.482422 0.412109 0.066406 0.058594
0 0.705078 0.392578 0.078125 0.074219
0 0.759766 0.311523 0.128906 0.146484
0 0.958008 0.278320 0.083984 0.150391
0 0.862305 0.454102 0.064453 0.099609
0 0.948242 0.446289 0.041016 0.052734
0 0.234375 0.274414 0.062500 0.076172
0 0.130859 0.166992 0.093750 0.126953
0 0.212891 0.190430 0.050781 0.052734
0 0.320312 0.189453 0.070312 0.078125
