0 0.573242 0.807617 0.033203 0.029297
0 0.480469 0.401367 0.035156 0.041016
0 0.591797 0.152344 0.042969 0.054688
0 0.474609 0.326172 0.042969 0.039062
0 0.528320 0.545898 0.021484 0.029297
0 0.572266 0.600586 0.042969 0.041016
0 0.625977 0.647461 0.044922 0.044922
0 0.669922 0.626953 0.050781 0.039062
0 0.466797 0.603516 0.039062 0.031250
0 0.316406 0.576172 0.039062 0.031250
0 0.513672 0.589844 0.039062 0.023438
0 0.650391 0.775391 0.042969 0.042969
0 0.574219 0.461914 0.132812 0.189453
1 0.764648 0.474609 0.134766 0.148438
0 0.669922 0.137695 0.039062 0.048828
