0 0.124023 0.252930 0.064453 0.091797
0 0.259766 0.265625 0.070312 0.062500
0 0.202148 0.405273 0.076172 0.072266
0 0.142578 0.480469 0.121094 0.097656
0 0.150391 0.616211 0.113281 0.115234
0 0.598633 0.528320 0.177734 0.169922
0 0.298828 0.721680 0.128906 0.103516
0 0.352539 0.883789 0.123047 0.134766
0 0.189453 0.934570 0.023438 0.037109
0 0.244141 0.973633 0.042969 0.044922
0 0.556641 0.956055 0.113281 0.087891
0 0.582031 0.800781 0.136719 0.148438
0 0.456055 0.691406 0.119141 0.105469
0 0.640625 0.686523 0.074219 0.052734
0 0.750977 0.898438 0.056641 0.042969
0 0.783203 0.866211 0.054688 0.041016
0 0.713867 0.770508 0.068359 0.033203
1 0.831055 0.136719 0.337891 0.218750
0 0.452148 0.307617 0.064453 0.056641
