1 0.341797 0.618164 0.125000 0.146484
2 0.091797 0.486328 0.058594 0.042969
2 0.131836 0.356445 0.056641 0.037109
2 0.223633 0.290039 0.048828 0.052734
2 0.269531 0.368164 0.070312 0.048828
2 0.191406 0.506836 0.062500 0.052734
2 0.221680 0.455078 0.056641 0.050781
2 0.326172 0.437500 0.089844 0.082031
2 0.250000 0.599609 0.039062 0.019531
2 0.292969 0.634766 0.046875 0.039062
2 0.359375 0.606445 0.042969 0.064453
2 0.315430 0.812500 0.076172 0.050781
2 0.390625 0.721680 0.117188 0.052734
2 0.356445 0.881836 0.083984 0.052734
2 0.180664 0.887695 0.130859 0.134766
