0 0.522461 0.171875 0.064453 0.066406
0 0.325195 0.429688 0.076172 0.058594
0 0.497070 0.659180 0.072266 0.080078
0 0.595703 0.748047 0.093750 0.074219
0 0.591797 0.661133 0.082031 0.091797
0 0.745117 0.235352 0.095703 0.119141
1 0.661133 0.793945 0.091797 0.037109
1 0.805664 0.632812 0.287109 0.136719
2 0.423828 0.964844 0.105469 0.070312
2 0.664062 0.861328 0.109375 0.074219
2 0.083984 0.656250 0.109375 0.082031
2 0.228516 0.616211 0.105469 0.087891
2 0.332031 0.728516 0.066406 0.074219
2 0.139648 0.134766 0.150391 0.183594
