0 0.267578 0.545898 0.039062 0.041016
0 0.347656 0.708984 0.070312 0.035156
0 0.376953 0.617188 0.035156 0.035156
0 0.421875 0.593750 0.035156 0.031250
0 0.456055 0.641602 0.029297 0.033203
0 0.395508 0.548828 0.048828 0.027344
0 0.385742 0.510742 0.025391 0.041016
0 0.397461 0.482422 0.041016 0.031250
0 0.333984 0.406250 0.058594 0.031250
0 0.433594 0.381836 0.027344 0.041016
0 0.518555 0.424805 0.044922 0.060547
1 0.321289 0.222656 0.029297 0.035156
1 0.358398 0.211914 0.044922 0.041016
1 0.193359 0.269531 0.046875 0.023438
1 0.192383 0.177734 0.083984 0.035156
1 0.170898 0.483398 0.048828 0.060547
2 0.163086 0.682617 0.052734 0.048828
2 0.240234 0.361328 0.097656 0.042969
2 0.424805 0.765625 0.091797 0.039062
