1 0.289062 0.420898 0.050781 0.041016
1 0.268555 0.607422 0.033203 0.039062
1 0.326172 0.684570 0.031250 0.033203
1 0.403320 0.699219 0.099609 0.074219
1 0.643555 0.777344 0.068359 0.058594
1 0.311523 0.298828 0.068359 0.054688
1 0.280273 0.356445 0.044922 0.048828
1 0.416992 0.234375 0.119141 0.070312
1 0.573242 0.117188 0.115234 0.089844
1 0.538086 0.378906 0.119141 0.062500
1 0.586914 0.475586 0.115234 0.060547
1 0.519531 0.299805 0.066406 0.048828
2 0.415039 0.442383 0.130859 0.201172
2 0.746094 0.288086 0.390625 0.181641
