0 0.119141 0.220703 0.027344 0.019531
0 0.083984 0.181641 0.023438 0.027344
0 0.529297 0.079102 0.046875 0.041016
0 0.851562 0.248047 0.050781 0.039062
0 0.868164 0.211914 0.068359 0.041016
0 0.352539 0.228516 0.021484 0.027344
0 0.402344 0.202148 0.039062 0.037109
0 0.278320 0.771484 0.048828 0.031250
0 0.644531 0.906250 0.046875 0.054688
0 0.869141 0.619141 0.027344 0.035156
0 0.891602 0.688477 0.041016 0.025391
0 0.228516 0.718750 0.023438 0.023438
1 0.298828 0.590820 0.230469 0.154297
1 0.527344 0.587891 0.203125 0.144531
1 0.703125 0.580078 0.226562 0.183594
2 0.135742 0.676758 0.162109 0.115234
