0 0.739258 0.368164 0.142578 0.146484
0 0.388672 0.460938 0.085938 0.101562
0 0.311523 0.392578 0.095703 0.058594
0 0.304688 0.153320 0.093750 0.103516
0 0.451172 0.117188 0.078125 0.101562
0 0.487305 0.738281 0.068359 0.074219
0 0.688477 0.735352 0.126953 0.130859
0 0.963867 0.666992 0.072266 0.064453
0 0.921875 0.503906 0.054688 0.054688
0 0.823242 0.260742 0.048828 0.037109
0 0.466797 0.379883 0.054688 0.048828
0 0.011719 0.323242 0.019531 0.021484
0 0.066406 0.510742 0.050781 0.025391
0 0.138672 0.496094 0.046875 0.031250
0 0.187500 0.451172 0.035156 0.031250
0 0.234375 0.358398 0.066406 0.033203
0 0.148438 0.079102 0.050781 0.029297
0 0.031250 0.046875 0.046875 0.074219
0 0.160156 0.757812 0.074219 0.042969
0 0.153320 0.639648 0.029297 0.025391
1 0.161133 0.270508 0.056641 0.099609
1 0.067383 0.637695 0.103516 0.177734
1 0.090820 0.411133 0.119141 0.134766
1 0.908203 0.203125 0.160156 0.117188
2 0.677734 0.182617 0.148438 0.150391
2 0.456055 0.268555 0.201172 0.107422
2 0.486328 0.967773 0.253906 0.064453
