1 0.532227 0.284180 0.435547 0.166016
1 0.539062 0.429688 0.191406 0.128906
1 0.530273 0.612305 0.228516 0.119141
1 0.728516 0.580078 0.207031 0.156250
1 0.298828 0.581055 0.226562 0.107422
1 0.389648 0.707031 0.111328 0.085938
1 0.607422 0.723633 0.222656 0.083984
0 0.528320 0.087891 0.076172 0.046875
0 0.120117 0.225586 0.048828 0.033203
0 0.099609 0.188477 0.039062 0.025391
0 0.835938 0.241211 0.054688 0.029297
0 0.869141 0.216797 0.066406 0.035156
0 0.750000 0.100586 0.066406 0.041016
0 0.570312 0.236328 0.058594 0.027344
0 0.358398 0.223633 0.041016 0.044922
0 0.406250 0.200195 0.058594 0.033203
0 0.276367 0.762695 0.044922 0.021484
0 0.232422 0.714844 0.050781 0.023438
0 0.633789 0.916016 0.064453 0.050781
0 0.858398 0.614258 0.041016 0.044922
0 0.888672 0.686523 0.050781 0.037109
2 0.119141 0.687500 0.113281 0.105469
2 0.314453 0.882812 0.183594 0.117188
2 0.953125 0.281250 0.089844 0.066406
2 0.946289 0.563477 0.099609 0.111328
2 0.125000 0.544922 0.117188 0.054688
2 0.056641 0.415039 0.074219 0.064453
