0 0.262695 0.613281 0.158203 0.109375
0 0.379883 0.546875 0.095703 0.089844
0 0.220703 0.514648 0.070312 0.041016
0 0.296875 0.429688 0.078125 0.039062
0 0.152344 0.276367 0.046875 0.080078
0 0.302734 0.280273 0.046875 0.072266
0 0.365234 0.304688 0.035156 0.058594
0 0.757812 0.329102 0.035156 0.037109
0 0.395508 0.139648 0.033203 0.041016
1 0.199219 0.912109 0.257812 0.175781
1 0.765625 0.760742 0.191406 0.189453
1 0.292969 0.531250 0.058594 0.027344
1 0.838867 0.439453 0.083984 0.089844
2 0.922852 0.153320 0.154297 0.119141
2 0.781250 0.162109 0.089844 0.074219
2 0.659180 0.496094 0.115234 0.097656
2 0.808594 0.554688 0.132812 0.089844
2 0.609375 0.212891 0.121094 0.097656
