0 0.408203 0.632812 0.082031 0.039062
0 0.312500 0.695312 0.125000 0.035156
2 0.193359 0.392578 0.125000 0.160156
2 0.356445 0.335938 0.361328 0.195312
1 0.420898 0.692383 0.048828 0.041016
1 0.647461 0.609375 0.080078 0.093750
1 0.610352 0.684570 0.056641 0.033203
1 0.475586 0.653320 0.076172 0.041016
0 0.493164 0.686523 0.048828 0.029297
1 0.472656 0.734375 0.046875 0.035156
1 0.508789 0.102539 0.052734 0.064453
1 0.452148 0.025391 0.064453 0.046875
1 0.581055 0.052734 0.076172 0.078125
1 0.586914 0.121094 0.064453 0.066406
1 0.610352 0.216797 0.103516 0.074219
