0 0.718750 0.055664 0.082031 0.060547
0 0.749023 0.244141 0.060547 0.050781
0 0.819336 0.171875 0.056641 0.035156
0 0.739258 0.343750 0.044922 0.039062
0 0.708008 0.452148 0.052734 0.060547
0 0.879883 0.098633 0.064453 0.044922
0 0.903320 0.046875 0.193359 0.062500
0 0.037109 0.117188 0.050781 0.050781
0 0.167969 0.545898 0.058594 0.048828
2 0.517578 0.129883 0.296875 0.224609
2 0.243164 0.244141 0.263672 0.171875
2 0.820312 0.231445 0.187500 0.162109
2 0.504883 0.690430 0.294922 0.107422
0 0.233398 0.169922 0.041016 0.031250
