0 0.251953 0.504883 0.042969 0.052734
0 0.268555 0.325195 0.041016 0.037109
0 0.307617 0.349609 0.037109 0.035156
0 0.353516 0.337891 0.039062 0.050781
0 0.311523 0.428711 0.025391 0.044922
0 0.387695 0.419922 0.064453 0.054688
0 0.459961 0.512695 0.068359 0.064453
0 0.257812 0.813477 0.062500 0.048828
0 0.309570 0.767578 0.068359 0.042969
0 0.342773 0.832031 0.091797 0.054688
0 0.416016 0.858398 0.085938 0.048828
0 0.597656 0.824219 0.093750 0.050781
0 0.522461 0.791992 0.080078 0.052734
0 0.492188 0.654297 0.070312 0.039062
0 0.517578 0.560547 0.046875 0.042969
0 0.578125 0.548828 0.054688 0.035156
0 0.367188 0.168945 0.082031 0.064453
0 0.454102 0.230469 0.072266 0.070312
1 0.784180 0.285156 0.248047 0.363281
