0 0.273438 0.583984 0.140625 0.085938
0 0.390625 0.557617 0.042969 0.048828
0 0.460938 0.552734 0.050781 0.046875
0 0.541992 0.575195 0.048828 0.064453
0 0.580078 0.624023 0.054688 0.052734
0 0.434570 0.630859 0.072266 0.054688
0 0.490234 0.682617 0.042969 0.037109
0 0.253906 0.884766 0.195312 0.121094
0 0.798828 0.377930 0.210938 0.150391
0 0.589844 0.393555 0.156250 0.099609
2 0.420898 0.187500 0.037109 0.039062
2 0.680664 0.164062 0.115234 0.074219
2 0.494141 0.171875 0.097656 0.058594
2 0.296875 0.222656 0.187500 0.074219
2 0.125977 0.294922 0.154297 0.078125
2 0.977539 0.424805 0.044922 0.048828
2 0.780273 0.191406 0.060547 0.058594
