0 0.282227 0.666992 0.068359 0.095703
0 0.481445 0.401367 0.103516 0.107422
0 0.592773 0.397461 0.060547 0.068359
0 0.595703 0.282227 0.140625 0.095703
0 0.882812 0.250000 0.054688 0.054688
0 0.767578 0.308594 0.050781 0.054688
0 0.262695 0.467773 0.083984 0.095703
2 0.353516 0.565430 0.042969 0.044922
2 0.418945 0.590820 0.029297 0.029297
2 0.452148 0.629883 0.029297 0.029297
2 0.497070 0.604492 0.048828 0.037109
2 0.327148 0.818359 0.099609 0.046875
2 0.389648 0.710938 0.072266 0.027344
2 0.614258 0.694336 0.173828 0.146484
2 0.755859 0.700195 0.039062 0.052734
2 0.464844 0.737305 0.085938 0.060547
