0 0.196289 0.246094 0.037109 0.054688
0 0.233398 0.321289 0.060547 0.044922
0 0.318359 0.289062 0.039062 0.039062
0 0.359375 0.230469 0.027344 0.042969
0 0.434570 0.277344 0.048828 0.039062
0 0.487305 0.358398 0.029297 0.041016
0 0.565430 0.396484 0.044922 0.046875
0 0.255859 0.445312 0.078125 0.062500
0 0.556641 0.653320 0.039062 0.037109
0 0.414062 0.605469 0.062500 0.046875
2 0.229492 0.827148 0.232422 0.330078
2 0.536133 0.883789 0.400391 0.220703
2 0.169922 0.519531 0.085938 0.082031
2 0.259766 0.567383 0.058594 0.048828
2 0.442383 0.696289 0.119141 0.080078
2 0.560547 0.733398 0.093750 0.060547
2 0.677734 0.721680 0.070312 0.056641
2 0.675781 0.333008 0.152344 0.068359
2 0.121094 0.281250 0.117188 0.183594
2 0.166992 0.083984 0.169922 0.121094
2 0.426758 0.075195 0.162109 0.080078
2 0.544922 0.129883 0.085938 0.083984
1 0.405273 0.223633 0.087891 0.052734
1 0.758789 0.149414 0.267578 0.193359
1 0.333984 0.174805 0.109375 0.044922
2 0.474609 0.504883 0.164062 0.154297
