0 0.340820 0.863281 0.044922 0.035156
0 0.265625 0.949219 0.039062 0.035156
0 0.375977 0.906250 0.056641 0.035156
0 0.534180 0.959961 0.068359 0.056641
0 0.737305 0.811523 0.056641 0.056641
0 0.573242 0.750000 0.052734 0.050781
0 0.410156 0.682617 0.046875 0.056641
0 0.343750 0.600586 0.042969 0.056641
0 0.535156 0.500977 0.050781 0.048828
0 0.621094 0.571289 0.031250 0.041016
0 0.669922 0.563477 0.050781 0.044922
0 0.717773 0.602539 0.033203 0.044922
0 0.327148 0.411133 0.158203 0.126953
0 0.387695 0.216797 0.154297 0.183594
0 0.573242 0.293945 0.177734 0.169922
0 0.971680 0.370117 0.044922 0.087891
0 0.708008 0.078125 0.169922 0.101562
