0 0.531250 0.444336 0.039062 0.048828
0 0.479492 0.588867 0.044922 0.025391
0 0.407227 0.588867 0.037109 0.037109
0 0.303711 0.654297 0.056641 0.035156
0 0.662109 0.800781 0.046875 0.027344
0 0.687500 0.712891 0.054688 0.027344
0 0.555664 0.719727 0.033203 0.033203
0 0.424805 0.725586 0.037109 0.029297
0 0.438477 0.660156 0.064453 0.031250
1 0.701172 0.549805 0.039062 0.060547
1 0.908203 0.582031 0.160156 0.093750
2 0.500000 0.562500 0.082031 0.035156
2 0.534180 0.876953 0.083984 0.050781
2 0.499023 0.626953 0.048828 0.035156
2 0.771484 0.636719 0.058594 0.058594
