0 0.257812 0.536133 0.062500 0.044922
0 0.331055 0.553711 0.041016 0.048828
0 0.403320 0.919922 0.037109 0.035156
0 0.278320 0.697266 0.072266 0.050781
0 0.317383 0.178711 0.060547 0.052734
0 0.424805 0.212891 0.072266 0.050781
0 0.652344 0.254883 0.042969 0.052734
2 0.713867 0.604492 0.166016 0.107422
2 0.652344 0.713867 0.183594 0.095703
2 0.749023 0.241211 0.076172 0.076172
2 0.473633 0.523438 0.130859 0.046875
1 0.441406 0.590820 0.050781 0.041016
1 0.555664 0.317383 0.111328 0.080078
1 0.519531 0.676758 0.046875 0.044922
