0 0.592773 0.535156 0.056641 0.066406
0 0.741211 0.670898 0.048828 0.052734
0 0.806641 0.655273 0.042969 0.029297
0 0.691406 0.651367 0.031250 0.029297
0 0.616211 0.725586 0.037109 0.029297
0 0.896484 0.066406 0.085938 0.058594
0 0.510742 0.341797 0.056641 0.050781
0 0.468750 0.562500 0.039062 0.042969
2 0.537109 0.579102 0.046875 0.060547
2 0.537109 0.657227 0.082031 0.048828
2 0.625000 0.646484 0.074219 0.058594
2 0.808594 0.884766 0.105469 0.109375
2 0.867188 0.714844 0.054688 0.035156
2 0.761719 0.738281 0.109375 0.062500
2 0.551758 0.738281 0.080078 0.070312
2 0.637695 0.841797 0.052734 0.046875
2 0.787109 0.334961 0.070312 0.048828
2 0.731445 0.165039 0.150391 0.072266
2 0.495117 0.463867 0.080078 0.080078
2 0.777344 0.593750 0.027344 0.042969
2 0.825195 0.577148 0.076172 0.048828
