1 0.292969 0.095703 0.324219 0.148438
0 0.041992 0.360352 0.060547 0.048828
0 0.125977 0.476562 0.111328 0.105469
0 0.125000 0.724609 0.117188 0.117188
0 0.516602 0.863281 0.111328 0.093750
0 0.333984 0.965820 0.132812 0.064453
0 0.900391 0.419922 0.101562 0.097656
0 0.884766 0.184570 0.113281 0.072266
0 0.572266 0.136719 0.070312 0.046875
2 0.328125 0.349609 0.304688 0.105469
2 0.343750 0.594727 0.265625 0.259766
2 0.353516 0.810547 0.171875 0.136719
2 0.703125 0.590820 0.179688 0.134766
2 0.746094 0.820312 0.257812 0.199219
