0 0.304688 0.473633 0.042969 0.033203
0 0.321289 0.553711 0.064453 0.041016
0 0.340820 0.461914 0.037109 0.052734
0 0.409180 0.460938 0.083984 0.042969
1 0.594727 0.410156 0.162109 0.078125
1 0.695312 0.490234 0.171875 0.105469
1 0.805664 0.461914 0.212891 0.173828
1 0.947266 0.450195 0.105469 0.099609
1 0.713867 0.163086 0.162109 0.099609
1 0.699219 0.059570 0.277344 0.111328
1 0.399414 0.147461 0.353516 0.158203
1 0.358398 0.699219 0.322266 0.246094
2 0.375977 0.739258 0.060547 0.048828
2 0.324219 0.777344 0.078125 0.039062
2 0.328125 0.653320 0.097656 0.076172
2 0.459961 0.647461 0.072266 0.037109
2 0.181641 0.366211 0.062500 0.048828
2 0.236328 0.340820 0.031250 0.041016
2 0.272461 0.379883 0.056641 0.029297
2 0.307617 0.341797 0.041016 0.035156
2 0.336914 0.308594 0.056641 0.039062
2 0.194336 0.278320 0.064453 0.068359
2 0.225586 0.433594 0.095703 0.039062
2 0.228516 0.517578 0.144531 0.097656
2 0.681641 0.784180 0.062500 0.025391
2 0.674805 0.866211 0.119141 0.056641
2 0.732422 0.231445 0.078125 0.041016
