0 0.454102 0.456055 0.037109 0.017578
0 0.399414 0.500000 0.044922 0.023438
0 0.397461 0.472656 0.033203 0.023438
0 0.375977 0.431641 0.041016 0.015625
0 0.463867 0.393555 0.041016 0.033203
0 0.472656 0.492188 0.066406 0.027344
0 0.483398 0.429688 0.037109 0.019531
0 0.550781 0.393555 0.039062 0.033203
0 0.222656 0.374023 0.035156 0.033203
1 0.340820 0.177734 0.162109 0.085938
1 0.237305 0.443359 0.103516 0.042969
1 0.267578 0.384766 0.050781 0.105469
2 0.581055 0.344727 0.060547 0.037109
2 0.428711 0.583008 0.037109 0.029297
2 0.468750 0.576172 0.042969 0.027344
2 0.319336 0.656250 0.076172 0.035156
