0 0.344727 0.646484 0.044922 0.039062
0 0.314453 0.483398 0.046875 0.029297
0 0.248047 0.390625 0.031250 0.027344
0 0.343750 0.434570 0.058594 0.037109
0 0.407227 0.380859 0.029297 0.031250
0 0.450195 0.448242 0.041016 0.021484
0 0.509766 0.436523 0.046875 0.021484
0 0.562500 0.524414 0.042969 0.017578
0 0.559570 0.477539 0.064453 0.033203
0 0.498047 0.305664 0.015625 0.021484
0 0.527344 0.328125 0.023438 0.023438
0 0.585938 0.322266 0.042969 0.023438
0 0.339844 0.278320 0.027344 0.025391
0 0.406250 0.208984 0.031250 0.027344
0 0.394531 0.243164 0.031250 0.021484
0 0.357422 0.168945 0.054688 0.029297
0 0.430664 0.557617 0.044922 0.041016
1 0.343750 0.371094 0.070312 0.035156
1 0.426758 0.325195 0.068359 0.037109
1 0.185547 0.398438 0.074219 0.046875
1 0.304688 0.226562 0.058594 0.039062
