2 0.587891 0.217773 0.234375 0.154297
2 0.388672 0.583008 0.187500 0.185547
2 0.593750 0.548828 0.136719 0.179688
2 0.742188 0.594727 0.160156 0.150391
2 0.573242 0.686523 0.275391 0.099609
1 0.346680 0.520508 0.072266 0.029297
1 0.261719 0.508789 0.085938 0.041016
1 0.283203 0.557617 0.050781 0.041016
1 0.315430 0.659180 0.064453 0.041016
1 0.364258 0.760742 0.064453 0.052734
1 0.416016 0.678711 0.050781 0.060547
1 0.519531 0.963867 0.062500 0.041016
1 0.709961 0.673828 0.048828 0.058594
1 0.246094 0.474609 0.039062 0.054688
1 0.379883 0.344727 0.080078 0.060547
1 0.544922 0.191406 0.054688 0.062500
