2 0.626953 0.322266 0.261719 0.242188
0 0.715820 0.633789 0.068359 0.064453
0 0.580078 0.476562 0.074219 0.066406
0 0.664062 0.530273 0.066406 0.068359
0 0.731445 0.502930 0.048828 0.041016
0 0.317383 0.125977 0.060547 0.056641
0 0.388672 0.176758 0.078125 0.099609
0 0.485352 0.319336 0.080078 0.087891
1 0.287109 0.210938 0.113281 0.062500
1 0.303711 0.321289 0.087891 0.076172
1 0.377930 0.413086 0.111328 0.091797
1 0.541016 0.762695 0.148438 0.111328
1 0.370117 0.663086 0.115234 0.091797
1 0.540039 0.592773 0.146484 0.130859
2 0.712891 0.190430 0.261719 0.224609
