0 0.243164 0.396484 0.060547 0.050781
0 0.256836 0.317383 0.041016 0.033203
0 0.353516 0.461914 0.039062 0.044922
0 0.291992 0.214844 0.037109 0.039062
0 0.434570 0.177734 0.048828 0.027344
2 0.162109 0.339844 0.054688 0.140625
1 0.198242 0.628906 0.076172 0.054688
1 0.256836 0.078125 0.099609 0.054688
1 0.396484 0.051758 0.062500 0.044922
1 0.408203 0.126953 0.101562 0.046875
1 0.421875 0.449219 0.046875 0.054688
1 0.341797 0.546875 0.050781 0.042969
1 0.398438 0.526367 0.050781 0.048828
1 0.377930 0.359375 0.064453 0.062500
0 0.179688 0.242188 0.046875 0.039062
