0 0.471680 0.543945 0.111328 0.072266
0 0.520508 0.444336 0.076172 0.041016
0 0.577148 0.302734 0.091797 0.062500
0 0.132812 0.625000 0.093750 0.046875
0 0.120117 0.727539 0.060547 0.060547
0 0.062500 0.566406 0.070312 0.062500
0 0.340820 0.377930 0.103516 0.052734
2 0.259766 0.277344 0.175781 0.136719
2 0.217773 0.378906 0.103516 0.085938
2 0.445312 0.087891 0.218750 0.132812
1 0.261719 0.948242 0.105469 0.060547
1 0.702148 0.760742 0.166016 0.220703
1 0.669922 0.130859 0.093750 0.121094
1 0.706055 0.283203 0.052734 0.062500
