2 0.357422 0.578125 0.164062 0.085938
2 0.525391 0.272461 0.226562 0.126953
2 0.514648 0.391602 0.142578 0.126953
2 0.539062 0.583008 0.144531 0.216797
2 0.654297 0.611328 0.132812 0.132812
1 0.389648 0.688477 0.056641 0.037109
1 0.338867 0.753906 0.064453 0.046875
1 0.757812 0.638672 0.074219 0.042969
1 0.253906 0.549805 0.074219 0.033203
1 0.710938 0.750000 0.078125 0.050781
1 0.452148 0.940430 0.056641 0.044922
1 0.340820 0.153320 0.060547 0.037109
1 0.546875 0.138672 0.062500 0.062500
1 0.651367 0.165039 0.087891 0.091797
1 0.666016 0.286133 0.046875 0.029297
