0 0.533203 0.267578 0.031250 0.042969
0 0.570312 0.266602 0.054688 0.044922
0 0.700195 0.186523 0.041016 0.029297
0 0.628906 0.153320 0.046875 0.037109
0 0.631836 0.070312 0.064453 0.046875
0 0.724609 0.104492 0.050781 0.044922
0 0.771484 0.175781 0.046875 0.042969
0 0.732422 0.310547 0.027344 0.039062
0 0.678711 0.434570 0.037109 0.056641
0 0.610352 0.501953 0.044922 0.035156
0 0.627930 0.438477 0.044922 0.037109
0 0.670898 0.502930 0.037109 0.041016
0 0.744141 0.487305 0.066406 0.068359
0 0.688477 0.706055 0.060547 0.052734
0 0.688477 0.587891 0.068359 0.042969
0 0.584961 0.677734 0.041016 0.070312
0 0.870117 0.059570 0.041016 0.037109
0 0.894531 0.106445 0.042969 0.033203
0 0.919922 0.479492 0.035156 0.037109
2 0.874023 0.293945 0.185547 0.103516
2 0.564453 0.358398 0.136719 0.083984
2 0.922852 0.212891 0.134766 0.058594
1 0.767578 0.405273 0.039062 0.044922
1 0.869141 0.765625 0.054688 0.042969
1 0.953125 0.720703 0.093750 0.078125
1 0.934570 0.034180 0.087891 0.044922
