0 0.390625 0.549805 0.109375 0.083984
0 0.464844 0.453125 0.062500 0.050781
0 0.544922 0.543945 0.058594 0.052734
0 0.606445 0.689453 0.068359 0.066406
0 0.562500 0.860352 0.097656 0.087891
0 0.656250 0.542969 0.078125 0.093750
0 0.744141 0.565430 0.078125 0.064453
0 0.773438 0.635742 0.101562 0.064453
0 0.852539 0.572266 0.052734 0.054688
0 0.845703 0.444336 0.093750 0.060547
0 0.639648 0.333984 0.095703 0.093750
0 0.740234 0.225586 0.113281 0.076172
0 0.814453 0.333008 0.097656 0.080078
0 0.863281 0.181641 0.101562 0.093750
0 0.436523 0.145508 0.076172 0.083984
0 0.871094 0.083008 0.109375 0.083984
