0 0.521484 0.511719 0.074219 0.042969
0 0.555664 0.165039 0.048828 0.068359
0 0.446289 0.244141 0.080078 0.066406
0 0.478516 0.315430 0.042969 0.044922
0 0.536133 0.311523 0.056641 0.041016
0 0.581055 0.271484 0.044922 0.050781
0 0.613281 0.115234 0.054688 0.046875
0 0.633789 0.033203 0.052734 0.031250
0 0.687500 0.096680 0.042969 0.056641
0 0.913086 0.075195 0.052734 0.029297
0 0.629883 0.678711 0.056641 0.060547
0 0.496094 0.691406 0.066406 0.054688
0 0.454102 0.594727 0.064453 0.048828
0 0.594727 0.769531 0.087891 0.042969
0 0.590820 0.817383 0.048828 0.025391
0 0.543945 0.838867 0.029297 0.029297
0 0.586914 0.869141 0.025391 0.058594
0 0.633789 0.598633 0.044922 0.025391
1 0.958008 0.637695 0.083984 0.466797
