0 0.606445 0.217773 0.095703 0.087891
0 0.716797 0.791992 0.054688 0.056641
0 0.323242 0.694336 0.044922 0.029297
0 0.437500 0.261719 0.054688 0.039062
0 0.048828 0.530273 0.031250 0.025391
0 0.450195 0.781250 0.025391 0.019531
0 0.416016 0.807617 0.039062 0.037109
0 0.577148 0.880859 0.107422 0.078125
1 0.894531 0.263672 0.210938 0.273438
1 0.837891 0.468750 0.132812 0.097656
1 0.678711 0.351562 0.134766 0.113281
1 0.511719 0.572266 0.109375 0.101562
1 0.833984 0.815430 0.078125 0.044922
1 0.477539 0.182617 0.130859 0.103516
2 0.286133 0.350586 0.068359 0.107422
2 0.393555 0.428711 0.162109 0.158203
2 0.549805 0.465820 0.103516 0.095703
2 0.180664 0.629883 0.130859 0.169922
2 0.642578 0.450195 0.035156 0.052734
2 0.623047 0.723633 0.058594 0.052734
2 0.746094 0.701172 0.074219 0.058594
2 0.644531 0.805664 0.062500 0.056641
2 0.309570 0.124023 0.048828 0.041016
2 0.309570 0.232422 0.044922 0.062500
