0 0.433594 0.384766 0.031250 0.031250
0 0.469727 0.424805 0.029297 0.021484
0 0.476562 0.468750 0.011719 0.019531
0 0.487305 0.455078 0.033203 0.027344
0 0.484375 0.364258 0.050781 0.052734
0 0.309570 0.313477 0.064453 0.083984
0 0.358398 0.381836 0.029297 0.041016
0 0.388672 0.360352 0.027344 0.029297
0 0.545898 0.461914 0.037109 0.033203
2 0.382812 0.164062 0.035156 0.027344
2 0.360352 0.086914 0.044922 0.044922
2 0.409180 0.047852 0.041016 0.052734
2 0.342773 0.033203 0.060547 0.035156
2 0.503906 0.120117 0.050781 0.041016
2 0.369141 0.575195 0.062500 0.033203
2 0.599609 0.344727 0.046875 0.044922
