15 0.227679 0.276786 0.071429 0.053571
15 0.334821 0.334821 0.071429 0.062500
15 0.194196 0.488839 0.049107 0.075893
15 0.294643 0.455357 0.116071 0.142857
15 0.404018 0.412946 0.058036 0.111607
15 0.459821 0.395089 0.071429 0.102679
15 0.232143 0.727679 0.098214 0.116071
15 0.399554 0.703125 0.102679 0.102679
15 0.435268 0.609375 0.093750 0.093750
15 0.546875 0.529018 0.138393 0.102679
15 0.517857 0.825893 0.035714 0.071429
15 0.580357 0.707589 0.133929 0.066964
15 0.651786 0.609375 0.142857 0.075893
15 0.165179 0.363839 0.142857 0.120536
15 0.703125 0.261161 0.066964 0.066964
15 0.705357 0.392857 0.089286 0.089286
15 0.756696 0.305804 0.058036 0.058036
15 0.794643 0.379464 0.080357 0.071429
15 0.868304 0.464286 0.093750 0.116071
15 0.787946 0.589286 0.084821 0.062500
15 0.924107 0.359375 0.107143 0.272321
