15 0.410714 0.100446 0.107143 0.102679
15 0.477679 0.029018 0.071429 0.049107
15 0.493304 0.073661 0.058036 0.058036
15 0.569196 0.104911 0.066964 0.102679
15 0.517857 0.189732 0.098214 0.075893
15 0.620536 0.209821 0.071429 0.071429
15 0.676339 0.337054 0.058036 0.066964
15 0.578125 0.343750 0.102679 0.169643
15 0.261161 0.227679 0.084821 0.160714
15 0.348214 0.276786 0.098214 0.142857
15 0.428571 0.292411 0.107143 0.093750
15 0.417411 0.410714 0.147321 0.080357
15 0.558036 0.549107 0.187500 0.214286
15 0.435268 0.613839 0.147321 0.138393
15 0.149554 0.122768 0.093750 0.174107
