1 0.346680 0.359375 0.130859 0.082031
1 0.285156 0.420898 0.132812 0.099609
1 0.666992 0.530273 0.173828 0.115234
1 0.561523 0.714844 0.083984 0.062500
1 0.463867 0.823242 0.103516 0.076172
1 0.264648 0.569336 0.150391 0.154297
1 0.711914 0.025391 0.181641 0.046875
1 0.577148 0.115234 0.298828 0.214844
0 0.361328 0.744141 0.089844 0.085938
0 0.360352 0.614258 0.052734 0.048828
0 0.302734 0.496094 0.039062 0.039062
2 0.486328 0.522461 0.175781 0.095703
2 0.638672 0.676758 0.082031 0.041016
0 0.702148 0.416992 0.048828 0.029297
