2 0.398438 0.619141 0.148438 0.070312
0 0.312500 0.159180 0.070312 0.041016
0 0.207031 0.333008 0.062500 0.033203
0 0.507812 0.542969 0.039062 0.042969
0 0.420898 0.543945 0.037109 0.033203
0 0.477539 0.531250 0.033203 0.027344
0 0.555664 0.632812 0.052734 0.042969
0 0.583984 0.541992 0.074219 0.037109
1 0.243164 0.627930 0.095703 0.044922
1 0.673828 0.481445 0.167969 0.068359
1 0.615234 0.396484 0.140625 0.050781
1 0.565430 0.297852 0.146484 0.072266
1 0.465820 0.233398 0.091797 0.060547
1 0.400391 0.153320 0.050781 0.041016
1 0.532227 0.821289 0.142578 0.095703
