1 0.159180 0.437500 0.080078 0.054688
2 0.327148 0.462891 0.130859 0.156250
2 0.486328 0.223633 0.218750 0.150391
2 0.542969 0.431641 0.195312 0.265625
2 0.736328 0.541016 0.253906 0.218750
2 0.488281 0.091797 0.269531 0.171875
1 0.809570 0.393555 0.130859 0.103516
1 0.149414 0.550781 0.048828 0.042969
1 0.215820 0.542969 0.060547 0.046875
1 0.242188 0.662109 0.082031 0.058594
0 0.424805 0.093750 0.048828 0.027344
0 0.467773 0.115234 0.068359 0.046875
0 0.472656 0.166992 0.042969 0.044922
0 0.513672 0.195312 0.035156 0.039062
0 0.622070 0.035156 0.052734 0.046875
