0 0.208008 0.349609 0.029297 0.027344
0 0.525391 0.156250 0.097656 0.062500
0 0.399414 0.510742 0.044922 0.041016
0 0.648438 0.926758 0.074219 0.060547
0 0.727539 0.256836 0.037109 0.033203
0 0.751953 0.313477 0.039062 0.044922
0 0.511719 0.256836 0.148438 0.095703
0 0.424805 0.326172 0.060547 0.058594
2 0.318359 0.293945 0.136719 0.251953
2 0.704102 0.226562 0.158203 0.265625
1 0.086914 0.179688 0.033203 0.035156
1 0.136719 0.202148 0.070312 0.041016
1 0.057617 0.362305 0.056641 0.033203
1 0.067383 0.430664 0.064453 0.064453
1 0.047852 0.704102 0.076172 0.064453
1 0.108398 0.769531 0.087891 0.039062
1 0.183594 0.693359 0.144531 0.140625
1 0.914062 0.269531 0.093750 0.117188
