18 0.379464 0.218750 0.125000 0.241071
18 0.549107 0.232143 0.116071 0.160714
18 0.772321 0.683036 0.080357 0.089286
18 0.444196 0.745536 0.040179 0.080357
18 0.357143 0.584821 0.080357 0.071429
18 0.321429 0.756696 0.071429 0.066964
18 0.535714 0.642857 0.160714 0.178571
18 0.879464 0.252232 0.080357 0.111607
18 0.821429 0.825893 0.116071 0.071429
18 0.274554 0.950893 0.102679 0.080357
18 0.513393 0.959821 0.142857 0.062500
18 0.321429 0.493304 0.071429 0.049107
18 0.845982 0.569196 0.066964 0.129464
18 0.783482 0.383929 0.040179 0.080357
18 0.839286 0.354911 0.044643 0.066964
18 0.912946 0.350446 0.058036 0.049107
