15 0.250000 0.207589 0.053571 0.058036
15 0.354911 0.189732 0.075893 0.084821
15 0.455357 0.118304 0.089286 0.093750
15 0.459821 0.321429 0.116071 0.098214
15 0.408482 0.446429 0.075893 0.080357
15 0.580357 0.698661 0.071429 0.084821
15 0.428571 0.714286 0.125000 0.089286
15 0.502232 0.810268 0.138393 0.111607
15 0.578125 0.964286 0.075893 0.071429
15 0.696429 0.970982 0.062500 0.058036
15 0.852679 0.850446 0.258929 0.147321
15 0.783482 0.642857 0.200893 0.169643
15 0.497768 0.611607 0.093750 0.071429
15 0.761161 0.332589 0.433036 0.468750
