15 0.314732 0.531250 0.049107 0.035714
15 0.359375 0.566964 0.040179 0.053571
15 0.415179 0.595982 0.071429 0.058036
15 0.296875 0.651786 0.049107 0.071429
15 0.383929 0.662946 0.071429 0.058036
15 0.375000 0.765625 0.080357 0.093750
15 0.694196 0.582589 0.084821 0.102679
15 0.645089 0.709821 0.040179 0.053571
15 0.712054 0.716518 0.049107 0.066964
15 0.683036 0.801339 0.044643 0.040179
15 0.687500 0.381696 0.089286 0.102679
15 0.169643 0.390625 0.133929 0.165179
15 0.549107 0.560268 0.080357 0.066964
