16 0.515625 0.377232 0.049107 0.058036
16 0.194196 0.368304 0.049107 0.049107
16 0.263393 0.267857 0.071429 0.053571
16 0.430804 0.662946 0.049107 0.049107
16 0.477679 0.718750 0.044643 0.044643
16 0.477679 0.870536 0.053571 0.053571
16 0.566964 0.727679 0.044643 0.035714
16 0.696429 0.651786 0.071429 0.035714
16 0.415179 0.479911 0.044643 0.058036
16 0.330357 0.511161 0.053571 0.049107
16 0.620536 0.930804 0.116071 0.058036
16 0.752232 0.866071 0.040179 0.044643
16 0.299107 0.194196 0.053571 0.058036
